2308.92	3457.11	5613.14	9461.12	11178.9	 Burundi
156.334	228.443	415.144	698.695	788.474	 Comoros
62.001	159.667	588.356	830.802	887.861	 Djibouti
1142.15	1805.48	3139.08	4689.66	5227.79	 Eritrea
18128	28415	48057.1	87561.8	99390.8	 Ethiopia
6076.76	11252.5	23446.2	40328.3	46050.3	 Kenya
4083.55	6576.3	11545.8	21079.5	24235.4	 Madagascar
2953.87	4603.74	9409	14769.8	17215.2	 Malawi
493.254	826.447	1055.87	1247.95	1273.21	 Mauritius
15.141	36.965	94.78	208.723	240.015	 Mayotte
6313.29	9262.08	13372	24321.5	27977.9	 Mozambique
2186.19	3754.55	7259.74	10293.7	11609.7	 Rwanda
36.322	52.364	70.627	93.081	96.471	 Seychelles
2264.08	3445.42	6321.61	9581.71	10787.1	 Somalia
2582.93	3647.1	5762.19	10056.5	12339.8	 South Sudan
5158.19	9446.02	17384.4	33149.4	39032.4	 Uganda
7649.77	13605.5	25458.2	45648.5	53470.4	 United Republic of Tanzania
2316.95	4185.38	8143.14	13917.4	16211.8	 Zambia
2746.85	5206.31	10484.8	13973.9	15602.8	 Zimbabwe
4354.88	6300.97	11127.9	21220	25022	 Angola
4466.5	6770.97	12070.4	20590.7	23344.2	 Cameroon
1326.65	1828.71	2937.83	4444.97	4900.27	 Central African Republic
2502.31	3644.91	5958.02	11896.4	14037.5	 Chad
807.726	1335.09	2386.47	4066.08	4620.33	 Congo
12183.7	20009.9	34962.7	65938.7	77266.8	 Democratic Republic of the Congo
225.536	290.905	377.363	728.71	845.06	 Equatorial Guinea
473.3	590.119	952.269	1541.94	1725.29	 Gabon
60	74.251	113.575	170.88	190.344	 Sao Tome and Principe
8872.25	14550	25912.4	36036.2	39666.5	 Algeria
20897.2	34808.6	56397.3	82041	91508.1	 Egypt
1113.38	2114.26	4398.42	6265.7	6278.44	 Libya
8985.99	16039.6	24950.1	32107.7	34377.5	 Morocco
5733.94	10232.8	20008.8	36114.9	40234.9	 Sudan
3605.31	5060.39	8232.8	10639.2	11253.6	 Tunisia
13.766	76.875	216.828	512.065	572.54	 Western Sahara
412.533	693.021	1379.81	2047.83	2262.49	 Botswana
733.942	1032.24	1597.53	2010.59	2135.02	 Lesotho
485.274	780.386	1415.45	2193.64	2458.83	 Namibia
13683.2	22502.5	36793.5	51621.6	54490.4	 South Africa
273	445.844	862.728	1193.15	1286.97	 Swaziland
2255.22	2907.77	5001.27	9509.8	10879.8	 Benin
4284.46	5624.6	8811.03	15632.1	18105.6	 Burkina Faso
178.066	270.197	341.256	490.379	520.502	 Cabo Verde
271.372	447.283	916.811	1693	1990.92	 Gambia
4980.88	8596.98	14628.3	24317.7	27409.9	 Ghana
3093.65	4215.44	6034.08	11012.4	12608.6	 Guinea
535.429	711.828	1056.21	1634.2	1844.33	 Guinea-Bissau
930.026	1419.73	2102.88	3957.99	4503.44	 Liberia
4708.43	5949.04	8482.08	15167.3	17599.7	 Mali
660.491	1148.91	2023.66	3591.4	4067.56	 Mauritania
2559.7	4497.35	7911.88	16292	19899.1	 Niger
37859.7	56131.8	95617.3	159425	182202	 Nigeria
4.972	4.885	5.531	4.173	3.961	 Saint Helena
2476.64	4217.75	7514.2	12956.8	15129.3	 Senegal
1944	2514.15	3931.21	5775.9	6453.18	 Sierra Leone
1395.46	2115.52	3786.94	6390.85	7304.58	 Togo
544113	808511	1.15461e+006	1.34097e+006	1.37605e+006	 China
1974	3958.2	5794.03	6993.57	7287.98	 China, Hong Kong SAR
196.482	250.997	359.735	534.626	587.606	 China, Macao SAR
10549.5	14410.4	20194.4	24500.5	25155.3	 Dem. People's Republic of Korea
82199.5	103708	122249	127320	126573	 Japan
780.2	1278.83	2184.14	2712.66	2959.13	 Mongolia
19211.4	31437.1	42972.3	49090	50293.4	 Republic of Korea
6703	13110	16530	16310.6	17625.2	 Kazakhstan
1740	2964.5	4394.5	5464.57	5939.96	 Kyrgyzstan
1531.5	2919.59	5297.29	7581.7	8481.85	 Tajikistan
1211	2188.5	3668	5041.99	5373.5	 Turkmenistan
6945.4	11973	20515.2	27739.8	29893.5	 Uzbekistan
7752.12	11121.1	12067.6	27962.2	32526.6	 Afghanistan
37894.7	65048.7	105983	151617	160996	 Bangladesh
176.795	291.457	535.505	720.246	774.83	 Bhutan
376325	553943	870602	1.23098e+006	1.31105e+006	 India
17119.3	28514	56169.2	74253.4	79109.3	 Iran (Islamic Republic of)
73.715	115.703	223.179	332.575	363.657	 Maldives
8483.32	11987	18741.7	26875.9	28513.7	 Nepal
37542.4	58094.2	107608	170044	188925	 Pakistan
8075.81	12487.5	17330.8	20201.3	20715	 Sri Lanka
48.001	129.729	256.939	393.302	423.188	 Brunei Darussalam
4432.72	7022.19	9008.86	14363.6	15577.9	 Cambodia
69543.3	114835	181437	241613	257564	 Indonesia
1682.92	2686.03	4247.84	6260.54	6802.02	 Lao People's Democratic Republic
6109.91	10908.6	18211.1	28119.5	30331	 Malaysia
17527.2	27166	42007.3	51733	53897.2	 Myanmar
18580.5	35804.7	61947.3	93038.9	100699	 Philippines
1022.1	2074.07	3016.4	5078.96	5603.74	 Singapore
20710.4	36884.9	56582.8	66692	67959.4	 Thailand
433.398	602.737	740.231	1057.12	1184.77	 Timor-Leste
24809.9	43407.3	68209.6	88357.8	93447.6	 Viet Nam
1353.51	2518.41	3544.7	2963.5	3017.71	 Armenia
2896	5178.16	7216.5	9099.89	9753.97	 Azerbaijan
115.614	213.102	495.944	1261.32	1377.24	 Bahrain
494.014	613.619	766.611	1103.68	1165.3	 Cyprus
3527	4707.33	5460.31	4250.13	3999.81	 Georgia
5719.19	9917.98	17478.5	30868.2	36423.4	 Iraq
1257.97	2849.62	4499.16	7420.37	8064.04	 Israel
448.861	1654.77	3358.45	6517.91	7594.55	 Jordan
152.25	750.184	2058.83	3059.47	3892.11	 Kuwait
1334.62	2297.4	2703.02	4337.16	5850.74	 Lebanon
456.418	723.85	1812.16	2943.75	4490.54	 Oman
24.999	109.329	476.478	1765.51	2235.36	 Qatar
3121.34	5836.39	16361.5	28090.6	31540.4	 Saudi Arabia
931.926	1124.84	2101.16	4068.78	4668.47	 State of Palestine
3413.33	6378.8	12451.5	20720.6	18502.4	 Syrian Arab Republic
21238.5	34772	53994.6	72310.4	78665.8	 Turkey
69.59	235.434	1811.46	8329.45	9156.96	 United Arab Emirates
4402.32	6156.23	11961.1	23592	26832.2	 Yemen
7745	9039.44	10232	9492.12	9495.83	 Belarus
7251	8494.76	8821.11	7407.3	7149.79	 Bulgaria
8902.62	9811.29	10323.7	10506.6	10543.2	 Czech Republic
9337.72	10345.6	10385.1	10014.6	9855.02	 Hungary
24824	32816.8	38195.3	38574.7	38611.8	 Poland
2341	3594.52	4364.11	4084.48	4068.9	 Republic of Moldova
16236.3	20549	23489.4	20298.8	19511.3	 Romania
102799	130126	147569	143158	143457	 Russian Federation
3436.57	4531.87	5277.71	5406.9	5426.26	 Slovakia
37297.7	47086.8	51370	45647.5	44823.8	 Ukraine
102.235	121.196	140.669	159.583	163.692	 Channel Islands
4268.27	4930.12	5140.33	5550.96	5669.08	 Denmark
1101	1360.24	1565.32	1332.09	1312.56	 Estonia
31.504	38.587	48.031	48.567	48.199	 Faeroe Islands
4008.3	4606.74	4986.7	5367.69	5503.46	 Finland
142.656	204.392	254.83	318.042	329.425	 Iceland
2913.09	2947.34	3563.11	4617.33	4688.47	 Ireland
55.253	56.712	70.312	84.327	87.78	 Isle of Man
1949	2365.75	2663.99	2090.52	1970.5	 Latvia
2567.4	3137.37	3697.39	3122.84	2878.41	 Lithuania
3265.28	3875.72	4240.38	4891.25	5210.97	 Norway
7009.91	8049.05	8559.11	9382.3	9779.43	 Sweden
50616	55611.4	57110.1	62716.7	64715.8	 United Kingdom
1263.17	2150.6	3281.45	2901.88	2896.68	 Albania
6.197	24.279	54.511	84.419	70.473	 Andorra
2661.29	3745.64	4527	3835.26	3810.42	 Bosnia and Herzegovina
3850.3	4423.07	4776.37	4316.43	4240.32	 Croatia
20.498	24.661	26.833	30.732	32.217	 Gibraltar
7566	8778.68	10131.7	11177.5	10954.6	 Greece
0.905	0.648	0.77	0.799	0.8	 Holy See
46598.6	53522.7	57007.6	59588	59797.7	 Italy
311.997	304.414	355.707	412.064	418.67	 Malta
394.738	519.697	614.999	621.952	625.781	 Montenegro
8416.97	8670.35	9890.32	10584.8	10349.8	 Portugal
12.781	19.136	24.045	30.69	31.781	 San Marino
6732.26	8119.86	9517.67	9059.05	8850.98	 Serbia
1473.09	1669.58	2006.52	2052.48	2067.53	 Slovenia
28069.7	33923.2	39192.1	46601.5	46121.7	 Spain
1254.44	1720.8	1996.23	2062.44	2078.45	 TFYR Macedonia
6936.44	7509.75	7706.57	8391.99	8544.59	 Austria
8628.49	9664.32	9978.24	10930	11299.2	 Belgium
41879.6	50843.8	56943.3	62961.1	64395.3	 France
69786.2	78366.6	78958.2	80435.3	80688.5	 Germany
13.757	21.266	28.745	36.276	37.531	 Liechtenstein
296.001	339.673	381.787	507.889	567.11	 Luxembourg
20	23.484	29.438	36.845	37.731	 Monaco
10027	12964.9	14915.1	16631.6	16924.9	 Netherlands
4668.09	6169.36	6673.92	7830.53	8298.66	 Switzerland
5.121	6.4	8.334	13.768	14.614	 Anguilla
46.301	65.369	61.906	87.233	91.818	 Antigua and Barbuda
38.066	59.065	62.148	101.597	103.889	 Aruba
79.088	169.356	256.338	360.83	388.019	 Bahamas
210.995	238.847	260.374	279.566	284.215	 Barbados
7.441	9.802	16.459	27.223	30.117	 British Virgin Islands
7.123	10.359	13.014	20.942	24.861	 Caribbean Netherlands
6.413	9.144	25.009	55.509	59.967	 Cayman Islands
5920	8715.12	10582.1	11308.1	11389.6	 Cuba
51.101	71.076	70.928	71.167	72.68	 Dominica
2364.65	4503.11	7183.65	9897.98	10528.4	 Dominican Republic
76.676	94.43	96.286	104.677	106.825	 Grenada
209.999	319.329	389.907	456.822	468.45	 Guadeloupe
3221.28	4708.64	7099.73	9999.62	10711.1	 Haiti
1402.9	1873.35	2385.81	2741.25	2793.34	 Jamaica
222.001	325.017	358.458	394.69	396.425	 Martinique
13.521	11.629	10.734	4.953	5.125	 Montserrat
2218	2709.81	3517.98	3709.67	3683.24	 Puerto Rico
46.054	44.882	40.833	52.352	55.572	 Saint Kitts and Nevis
82.783	104.162	138.18	177.397	184.999	 Saint Lucia
67	90.457	107.509	109.316	109.462	 Saint Vincent and the Grenadines
1.497	6.862	28.546	33.125	38.745	 Sint Maarten (Dutch part)
645.628	945.996	1221.9	1328.1	1360.09	 Trinidad and Tobago
5.047	5.632	11.55	30.993	34.339	 Turks and Caicos Islands
26.795	64.07	103.253	106.382	106.291	 United States Virgin Islands
68.918	122.179	187.552	321.609	359.287	 Belize
959.489	1848.87	3095.99	4545.27	4807.85	 Costa Rica
2199.9	3668.59	5252.08	6038.31	6126.58	 El Salvador
3146.07	5423.38	9158.55	14732.3	16342.9	 Guatemala
1487.23	2691.31	4903.36	7503.88	8075.06	 Honduras
28012.6	52029.9	85609.4	118618	127017	 Mexico
1294.99	2398.09	4144.56	5737.72	6082.03	 Nicaragua
859.66	1519.29	2471.01	3620.51	3929.14	 Panama
17150.3	23973.1	32729.7	41222.9	43416.8	 Argentina
3089.65	4505.77	6856.25	9918.25	10724.7	 Bolivia (Plurinational State of)
53974.7	95982.5	150393	198614	207848	 Brazil
6142.9	9561.87	13141.2	17015	17948.1	 Chile
12340.9	22061.2	34271.6	45918.1	48228.7	 Colombia
3470.16	6072.52	10218.1	14934.7	16144.4	 Ecuador
2.261	1.991	1.993	2.856	2.903	 Falkland Islands (Malvinas)
25.479	47.929	115.782	233.795	268.606	 French Guiana
406.562	695.561	720.282	753.362	767.085	 Guyana
1473.24	2474.1	4213.74	6209.88	6639.12	 Paraguay
7727.73	13341.1	21826.7	29373.6	31376.7	 Peru
214.999	371.268	408.276	518.141	542.975	 Suriname
2238.51	2809.8	3109.99	3374.41	3431.55	 Uruguay
5481.98	11587.8	19862	28995.7	31108.1	 Venezuela (Bolivarian Republic of)
37.26	52.286	60.931	63.954	62.004	 Bermuda
13737	21439.2	27662.4	34126.2	35939.9	 Canada
22.998	46.075	55.603	56.546	56.186	 Greenland
4.573	5.457	6.279	6.274	6.288	 Saint Pierre and Miquelon
157813	209486	252848	309876	321774	 United States of America
8177.34	12904.8	17096.9	22162.9	23969	 Australia
1908	2819.55	3397.53	4369.03	4528.53	 New Zealand
288.993	520.529	728.626	859.952	892.145	 Fiji
64.824	105.025	168.537	246.345	263.118	 New Caledonia
1708.19	2434.76	4157.9	6847.52	7619.32	 Papua New Guinea
89.793	160.292	311.849	526.177	583.591	 Solomon Islands
47.695	85.388	146.633	236.299	264.652	 Vanuatu
59.65	83.88	130.482	159.44	169.885	 Guam
33.05	51.181	72.411	102.648	112.423	 Kiribati
13	20.397	47.3	52.428	52.993	 Marshall Islands
32	61.433	96.331	103.619	104.46	 Micronesia (Fed. States of)
2.953	6.493	9.157	10.025	10.222	 Nauru
6.999	13.203	43.972	53.86	55.07	 Northern Mariana Islands
7.441	11.481	15.089	20.47	21.291	 Palau
18.937	27.292	47.044	55.636	55.538	 American Samoa
15.079	21.406	17.613	20.284	20.833	 Cook Islands
60.268	110.496	198.37	268.065	282.764	 French Polynesia
4.667	5.13	2.332	1.621	1.61	 Niue
82.102	143.175	162.865	186.029	193.228	 Samoa
1.57	1.618	1.609	1.135	1.25	 Tokelau
47.22	84.37	95.152	103.947	106.17	 Tonga
5.166	7.296	9.004	9.827	9.916	 Tuvalu
7.002	8.84	13.88	13.565	13.151	 Wallis and Futuna Islands
